000000000
111100110
001000110
000000000
111100010
110010110
111101010
100010001
111110111
001001111
100100101
111111010
101001100
111111011
100111001
111111011
110110011
111111010
011010100
110110100
111111010
000011110
111100000
110000110
111101111
010010111
001000110
101010100
111111010
100110100
111111010
101001001
111111011
100111101
111111011
101011100
111111011
110110011
111111010
011010011
100111100
111111011
101001001
111111100
000000000
111100001
110001100
111101000
000000000
111100010
110010110
111101010
100010001
111110111
001001111
100100101
111111000
110100011
111111000
100101111
111111010
101010100
111111010
110100010
111111100
001000110
101000001
111111010
100110110
111111010
100101001
111111011
101011110
111111011
100111100
111111011
110110011
111111010
101001010
111111011
100111110
111111011
101011010
111111011
110110011
111111010
100101111
111111011
101001110
111111011
110110011
111111010
011010011
100111010
111111011
110111100
111111100
101000010
111111010
100110111
111111010
100100111
111111011
101000001
111111011
110110011
111111010
100101001
111111011
101001111
111111011
100111101
111111011
110110011
111111010
101001011
111111011
100111110
111111011
101011011
111111011
110110011
111111010
100101110
111111011
101001101
111111011
110110011
111111010
011010011
100111001
111111011
110111100
111111100
011001010
011010011
110110011
111111010
000011110
111100000
110000110
111101001
001011001
100111111
111111011
101011111
111111011
110110011
111111010
000000000
111100001
110001100
111101000
100100011
111111011
101011111
111111011
110110011
111111011
100100101
111111011
011011011
110100010
111111000
000011111
111100001
110001110
111101111
010000111
000000000
111100000
110000110
111101000
100000010
111110110
000011110
111100010
000000000
111100011
110011110
111111001
111010011
000011110
111100101
001000101
000000000
111101001
110001101
111101001
100001001
111110001
001010001
011000011
000100010
111100001
110001101
111101001
100111011
111111011
010011001
011010111
011000011
110111111
111111011
000000000
111100001
000000001
111101000
111011000
001000101
101000100
111111011
100111100
111111011
101010100
111111001
110101011
111111011
011011011
000100010
111100001
110001101
111101001
001000001
100111010
111111011
110100011
111111011
010011001
001000101
101000110
111111011
100111110
111111011
100100100
111111001
101001110
111111001
100101100
111111001
110101011
111111011
101010110
111111001
100101010
111111001
110101011
111111011
100101100
111111001
101001110
111111001
110101011
111111011
011011011
000100010
111100001
110001101
111101001
001000001
100111001
111111011
110100011
111111011
010011001
001000101
101000111
111111011
100111111
111111011
100100010
111111001
101001111
111111001
100101110
111111001
110101011
111111011
100100100
111111001
101001111
111111001
100101101
111111001
110101011
111111011
100100110
111111001
101001111
111111001
100101100
111111001
110101011
111111011
101010111
111111001
100101011
111111001
110111001
111111011
100110010
111111001
101001111
111111001
100101010
111111001
110101011
111111011
100110100
111111001
101001111
111111001
100101001
111111001
110101011
111111011
100110110
111111001
101001111
111111001
110101011
111111011
011011011
000100010
111100001
110001101
111101001
001000001
110100011
111111000
000001111
111100001
000000010
111100011
111000011
000001110
111100001
000000011
111100011
111000011
000001101
111100001
000000100
111100011
111000011
000001100
111100001
000000101
111100011
111000011
000001011
111100001
000000110
111100011
111000011
000001010
111100001
000000111
111100011
111000011
000001001
111100001
000001000
111100011
111000011
000000111
111100001
000001001
111100011
111000011
000000110
111100001
000001010
111100011
111000011
000000101
111100001
000001011
111100011
111000011
000000011
111100001
000001100
111100011
111000011
001000101
000000001
111100011
100111111
111111011
110100011
111111000
010000101
000001101
111100011
111001011
001000101
000000001
111100011
100111110
111111011
110100011
111111000
010000101
000001101
111100011
111001011
001000101
000000001
111100011
100111101
111111011
110100011
111111000
010000101
000001101
111100011
111001011
001000101
000000001
111100011
100111100
111111011
110100011
111111000
010000101
000001101
111100011
111001011
001000101
000000001
111100011
100111011
111111011
110100011
111111000
010000101
000001101
111100011
111001011
001000101
000000001
111100011
100111010
111111011
110100011
111111000
010000101
000001101
111100011
111001011
001000101
000000001
111100011
100111001
111111011
110100011
111111000
010000101
000001101
111100011
111001011
000000001
111100011
100111111
111111011
110110011
111111000
010000101
000001101
111100011
111001011
000000001
111100011
100111110
111111011
110110011
111111000
010000101
000001101
111100011
111001011
000000001
111100011
100111101
111111011
110110011
111111000
010000101
000001101
111100011
111001011
000000001
111100011
100111011
111111011
110110011
111111000
010000101
000000001
111100001
100101110
111111001
010001101
000001111
111100011
111001011
001000101
101000100
111111011
100111100
111111011
101010100
111111001
110101011
111111011
011011011
000100010
111100001
110001101
111101001
001000001
100111010
111111011
110100011
111111011
010011001
001000101
101000110
111111011
100111110
111111011
100100100
111111001
101001110
111111001
100101100
111111001
110101011
111111011
101010110
111111001
100101010
111111001
110101011
111111011
100101100
111111001
101001110
111111001
110101011
111111011
011011011
000100010
111100001
110001101
111101001
001000001
100111001
111111011
110100011
111111011
010011001
001000101
101000111
111111011
100111111
111111011
100100010
111111001
101001111
111111001
100101110
111111001
110101011
111111011
100100100
111111001
101001111
111111001
100101101
111111001
110101011
111111011
100100110
111111001
101001111
111111001
100101100
111111001
110101011
111111011
101010111
111111001
100101011
111111001
110111001
111111011
100110010
111111001
101001111
111111001
100101010
111111001
110101011
111111011
100110100
111111001
101001111
111111001
100101001
111111001
110101011
111111011
100110110
111111001
101001111
111111001
110101011
111111011
011011011
000100010
111100001
110001101
111101001
001000001
110100011
111111000
000000000
111100001
000001111
111100011
111000011
000000001
111100001
100101111
111100001
000100010
111100010
110010101
111101010
010001010
001000101
000000000
111100001
110001101
111101001
100001001
111110001
001001001
101000101
111111011
000100010
111100010
110010101
111101110
001010110
110110011
111111011
010011110
101000001
111111011
100111100
111111011
101001101
111111010
100110001
111111010
110111010
111111011
100101100
111111010
101010111
111111010
110111010
111111011
000000001
111100000
110000110
111101000
010011000
000000010
111100000
110000101
111101101
111101000
000011110
111100001
111100010
110001010
111101001
000010000
111100011
111001011
000010001
111100011
111001011
000100000
111100111
001111111
000000000
111100110
111100101
001000101
101100111
111101010
000000000
111100001
000010011
111100011
111010011
000000000
111100010
110010110
111101010
100010001
111110110
100100001
111111000
101100111
111101010
000000000
111100001
000010100
111100011
111010011
000000000
111100010
110010110
111101010
100010001
111110110
100100001
111111000
101100111
111101010
000000000
111100001
000010101
111100011
111010011
000000000
111100010
110010110
111101010
100010001
111110110
100100001
111111000
101100111
111101010
000000000
111100001
000010110
111100011
111010011
000000000
111100010
110010110
111101010
100010001
111110110
100100001
111111000
000000000
111100010
110010101
111101010
100010001
111111101
111111010
000100000
111100001
000010111
111100011
111010011
000010010
111100011
111001011
000011111
111100011
000000010
111100100
110011100
111101011
010110011
000000000
111100110
111100101
001000101
101100111
111101010
000000000
111100001
000011001
111100011
111010011
000000000
111100010
110010110
111101010
100010001
111110110
000011100
111100011
111001011
100100001
111111000
101100111
111101010
000000000
111100001
000011010
111100011
111010011
000000000
111100010
110010110
111101010
100010001
111110110
000011100
111100011
111001011
100100001
111111000
101100111
111101010
000000000
111100001
000011011
111100011
111010011
000000000
111100010
110010110
111101010
100010001
111110110
000011100
111100011
111001011
100100001
111111000
101100111
111101010
000000000
111100001
000011100
111100011
111010011
000000000
111100010
110010110
111101010
100010001
111110110
100100001
111111000
000000000
111100010
110010101
111101010
100010001
111111101
111111010
000011111
111100001
100001001
111110001
000011101
111100011
111010011
000011000
111100011
111001011
000011111
111100011
000000011
111100100
110011100
111101011
010110011
000000000
111100110
111100101
001000101
101100111
111101010
000000000
111100001
000011110
111100011
111010011
000000000
111100010
110010110
111101010
100010001
111110110
100100001
111111000
101100111
111101010
000000000
111100001
000011111
111100011
111010011
000000000
111100010
110010110
111101010
100010001
111110110
100100001
111111000
101100111
111101010
000000000
111100001
000011111
111100011
100011001
111110011
111010011
000000000
111100010
110010110
111101010
100010001
111110110
100100001
111111000
101100111
111101010
000000000
111100001
0001001110111
111100011
100011010
111110011
111010011
000000000
111100010
110010110
111101010
100010001
111110110
100100001
111111000
000000001
111100101
001011101
101011100
111111011
110000011
111100000
101100111
111101010
000000000
111100001
000011111
111100011
000000100
111100100
110011100
111101011
111010011
000000000
111100010
110010110
111101010
100010001
111110110
100100001
111111000
101100111
111101010
000000000
111100001
000011111
111100011
000000101
111100100
110011100
111101011
111010011
000000000
111100010
110010110
111101010
100010001
111110110
100100001
111111000
101100111
111101010
000000000
111100001
000011111
111100011
000000110
111100100
110011100
111101011
111010011
000000000
111100010
110010110
111101010
100010001
111110110
100100001
111111000
101100111
111101010
000000000
111100001
000011111
111100011
000000111
111100100
110011100
111101011
111010011
000000000
111100010
110010110
111101010
100010001
111110110
100100001
111111000
001000101
101100111
111101010
000000000
111100001
000011111
111100011
000001000
111100100
110011100
111101011
111010011
000000000
111100010
110010110
111101010
100010001
111110110
100100001
111111000
101100111
111101010
000000000
111100001
000011111
111100011
000001001
111100100
110011100
111101011
111010011
000000000
111100010
110010110
111101010
100010001
111110110
100100001
111111000
101100111
111101010
000000000
111100001
000011111
111100011
000001010
111100100
110011100
111101011
111010011
000000000
111100010
110010110
111101010
100010001
111110110
100100001
111111000
101100111
111101010
000000000
111100001
000011111
111100011
000001011
111100100
110011100
111101011
111010011
000000000
111100010
110010110
111101010
100010001
111110110
100100001
111111000
000000000
111100010
110010101
111101010
100010001
111111101
111111010
000100000
111100001
000011111
111100011
000001100
111100100
110011100
111101011
111010011
000011111
111100011
000000011
111100100
110011100
111101011
111001011
000011111
111100011
000000100
111100100
110011100
111101011
010110011
