000000000
111100110
001000110
000000000
111100010
110010110
111101010
100010001
111110111
001001111
100100101
111111010
101001100
111111011
100111001
111111011
110110011
111111010
011010100
110110100
111111010
000011110
111100000
110000110
111101111
010010111
001000110
101010100
111111010
100110100
111111010
101001001
111111011
100111101
111111011
101011100
111111011
110110011
111111010
011010011
100111100
111111011
101001001
111111100
000000000
111100001
110001100
111101000
000000000
111100010
110010110
111101010
100010001
111110111
001001111
100100101
111111000
110100011
111111000
100101111
111111010
101010100
111111010
110100010
111111100
001000110
101000001
111111010
100110110
111111010
100101001
111111011
101011110
111111011
100111100
111111011
110110011
111111010
101001010
111111011
100111110
111111011
101011010
111111011
110110011
111111010
100101111
111111011
101001110
111111011
110110011
111111010
011010011
100111010
111111011
110111100
111111100
101000010
111111010
100110111
111111010
100100111
111111011
101000001
111111011
110110011
111111010
100101001
111111011
101001111
111111011
100111101
111111011
110110011
111111010
101001011
111111011
100111110
111111011
101011011
111111011
110110011
111111010
100101110
111111011
101001101
111111011
110110011
111111010
011010011
100111001
111111011
110111100
111111100
011001010
011010011
110110011
111111010
000011110
111100000
110000110
111101001
001011001
100111111
111111011
101011111
111111011
110110011
111111010
000000000
111100001
110001100
111101000
100100011
111111011
101011111
111111011
110110011
111111011
100100101
111111011
011011011
110100010
111111000
000011111
111100001
110001110
111101111
010000111
000000000
111100000
110000110
111101000
100000010
111110110
000011110
111100010
000000000
111100011
110011110
111111001
111010011
