000100000
111100111
001111111
000000000
111100110
111100101
001000101
101100111
111101010
000000000
111100001
000010011
111100011
111010011
000000000
111100010
110010110
111101010
100010001
111110110
100100001
111111000
101100111
111101010
000000000
111100001
000010100
111100011
111010011
000000000
111100010
110010110
111101010
100010001
111110110
100100001
111111000
101100111
111101010
000000000
111100001
000010101
111100011
111010011
000000000
111100010
110010110
111101010
100010001
111110110
100100001
111111000
101100111
111101010
000000000
111100001
000010110
111100011
111010011
000000000
111100010
110010110
111101010
100010001
111110110
100100001
111111000
000000000
111100010
110010101
111101010
100010001
111111101
111111010
000100000
111100001
000010111
111100011
111010011
000010010
111100011
111001011
000011111
111100011
000000010
111100100
110011100
111101011
010110011
000000000
111100110
111100101
001000101
101100111
111101010
000000000
111100001
000011001
111100011
111010011
000000000
111100010
110010110
111101010
100010001
111110110
000011100
111100011
111001011
100100001
111111000
101100111
111101010
000000000
111100001
000011010
111100011
111010011
000000000
111100010
110010110
111101010
100010001
111110110
000011100
111100011
111001011
100100001
111111000
101100111
111101010
000000000
111100001
000011011
111100011
111010011
000000000
111100010
110010110
111101010
100010001
111110110
000011100
111100011
111001011
100100001
111111000
101100111
111101010
000000000
111100001
000011100
111100011
111010011
000000000
111100010
110010110
111101010
100010001
111110110
100100001
111111000
000000000
111100010
110010101
111101010
100010001
111111101
111111010
000011111
111100001
100001001
111110001
000011101
111100011
111010011
000011000
111100011
111001011
000011111
111100011
000000011
111100100
110011100
111101011
010110011
000000000
111100110
111100101
001000101
101100111
111101010
000000000
111100001
000011110
111100011
111010011
000000000
111100010
110010110
111101010
100010001
111110110
100100001
111111000
101100111
111101010
000000000
111100001
000011111
111100011
111010011
000000000
111100010
110010110
111101010
100010001
111110110
100100001
111111000
101100111
111101010
000000000
111100001
000011111
111100011
100011001
111110011
111010011
000000000
111100010
110010110
111101010
100010001
111110110
100100001
111111000
101100111
111101010
000000000
111100001
0001001110111
111100011
100011010
111110011
111010011
000000000
111100010
110010110
111101010
100010001
111110110
100100001
111111000
000000001
111100101
001011101
101011100
111111011
110000011
111100000
101100111
111101010
000000000
111100001
000011111
111100011
000000100
111100100
110011100
111101011
111010011
000000000
111100010
110010110
111101010
100010001
111110110
100100001
111111000
101100111
111101010
000000000
111100001
000011111
111100011
000000101
111100100
110011100
111101011
111010011
000000000
111100010
110010110
111101010
100010001
111110110
100100001
111111000
101100111
111101010
000000000
111100001
000011111
111100011
000000110
111100100
110011100
111101011
111010011
000000000
111100010
110010110
111101010
100010001
111110110
100100001
111111000
101100111
111101010
000000000
111100001
000011111
111100011
000000111
111100100
110011100
111101011
111010011
000000000
111100010
110010110
111101010
100010001
111110110
100100001
111111000
001000101
101100111
111101010
000000000
111100001
000011111
111100011
000001000
111100100
110011100
111101011
111010011
000000000
111100010
110010110
111101010
100010001
111110110
100100001
111111000
101100111
111101010
000000000
111100001
000011111
111100011
000001001
111100100
110011100
111101011
111010011
000000000
111100010
110010110
111101010
100010001
111110110
100100001
111111000
101100111
111101010
000000000
111100001
000011111
111100011
000001010
111100100
110011100
111101011
111010011
000000000
111100010
110010110
111101010
100010001
111110110
100100001
111111000
101100111
111101010
000000000
111100001
000011111
111100011
000001011
111100100
110011100
111101011
111010011
000000000
111100010
110010110
111101010
100010001
111110110
100100001
111111000
000000000
111100010
110010101
111101010
100010001
111111101
111111010
000100000
111100001
000011111
111100011
000001100
111100100
110011100
111101011
111010011
000011111
111100011
000000011
111100100
110011100
111101011
111001011
000011111
111100011
000000100
111100100
110011100
111101011
010110011
