000011110
111100101
001000101
000000001
111100001
110001101
111101001
001010001
011010011
000100010
111100001
110001101
111101001
100111011
111111011
010011001
011000111
011010011
110111111
111111011
000000000
111100001
000000010
111100000
111011000
001000101
101010100
111111011
100111100
111111011
101000100
111111001
110101011
111111011
011011011
000100010
111100001
110001101
111101001
001000001
100111010
111111011
110100011
111111011
010011001
001000101
101010110
111111011
100111110
111111011
100110100
111111001
101001110
111111001
100101100
111111001
110101011
111111011
101000110
111111001
100101010
111111001
110101011
111111011
100100100
111111001
101001110
111111001
110101011
111111011
011011011
000100010
111100001
110001101
111101001
001000001
100111001
111111011
110100011
111111011
010011001
101010111
111111011
100111111
111111011
100110010
111111001
101001111
111111001
100101110
111111001
110101011
111111011
100110100
111111001
101001111
111111001
100101101
111111001
110101011
111111011
100110110
111111001
101001111
111111001
100101100
111111001
110101011
111111011
000000001
111100000
110000101
111101000
001000000
101000111
111111001
100101011
111111001
110111001
111111011
100100010
111111001
101001111
111111001
100101010
111111001
110101011
111111011
100100100
111111001
101001111
111111001
100101001
111111001
110101011
111111011
100100110
111111001
101001111
111111001
110101011
111111011
011011011
000100010
111100001
110001101
111101001
001000001
110100011
111111000
000001111
111100001
000000011
111100011
111000011
000001110
111100001
000000100
111100011
111000011
000001101
111100001
000000101
111100011
111000011
000001100
111100001
000000110
111100011
111000011
000001011
111100001
000000111
111100011
111000011
000001010
111100001
000001000
111100011
111000011
000001001
111100001
000001001
111100011
111000011
000000111
111100001
000001010
111100011
111000011
000000110
111100001
000001011
111100011
111000011
000000101
111100001
000001100
111100011
111000011
000000011
111100001
000001101
111100011
111000011
000000001
111100011
100111111
111111011
110110011
111111000
111100011
110011101
111101011
010000011
000001110
111100011
111001011
000000001
111100011
100111110
111111011
110110011
111111000
111100011
110011101
111101011
010000011
000001110
111100011
111001011
000000001
111100011
100111101
111111011
110110011
111111000
111100011
110011101
111101011
010000011
000001110
111100011
111001011
000000001
111100011
100111100
111111011
110110011
111111000
111100011
110011101
111101011
010000011
000001110
111100011
111001011
000000001
111100011
100111011
111111011
110110011
111111000
111100011
110011101
111101011
010000011
000001110
111100011
111001011
000000001
111100011
100111010
111111011
110110011
111111000
111100011
110011101
111101011
010000011
000001110
111100011
111001011
000000001
111100011
100111001
111111011
110110011
111111000
111100011
110011101
111101011
010000011
000001110
111100011
111001011
001000101
000000001
111100011
100111111
111111011
110100011
111111010
010010101
000001110
111100011
111001011
001000101
000000001
111100011
100111110
111111011
110100011
111111010
010010101
000001110
111100011
111001011
001000101
000000001
111100011
100111101
111111011
110100011
111111010
010010101
000001110
111100011
111001011
001000101
000000001
111100011
100111011
111111011
110100011
111111010
010010101
000001110
111100011
111001011
000000001
111100001
100101110
111111001
000100011
111100010
110010101
111101010
010001010
000010000
111100011
111001011
001000101
100110100
111111011
100111100
111111011
101000100
111111001
110101011
111111011
011011011
000100010
111100001
110001101
111101001
001000001
100111010
111111011
110100011
111111011
010011001
001000101
101010110
111111011
100111110
111111011
100110100
111111001
101001110
111111001
100101100
111111001
110101011
111111011
101000110
111111001
100101010
111111001
110101011
111111011
100100100
111111001
101001110
111111001
110101011
111111011
011011011
000100010
111100001
110001101
111101001
001000001
100111001
111111011
110100011
111111011
010011001
101010111
111111011
100111111
111111011
100110010
111111001
101001111
111111001
100101110
111111001
110101011
111111011
100110100
111111001
101001111
111111001
100101101
111111001
110101011
111111011
100110110
111111001
101001111
111111001
100101100
111111001
110101011
111111011
101000111
111111001
100101011
111111001
110111001
111111011
100100010
111111001
101001111
111111001
100101010
111111001
110101011
111111011
100100100
111111001
101001111
111111001
100101001
111111001
110101011
111111011
100100110
111111001
101001111
111111001
110101011
111111011
011011011
000100010
111100001
110001101
111101001
001000001
110100011
111111000
000000000
111100001
000010000
111100011
111000011
000000001
111100001
100101111
111111001
000100011
111100010
110010101
111101010
010001010
001000101
000000001
111100001
110001101
111101001
001001001
101001101
111111011
000100011
111100010
110010101
111101110
001010110
110110011
111111011
010011110
101001001
111111011
100111100
111111011
101000101
111111010
100110001
111111010
110111010
111111011
100100100
111111010
101010111
111111010
110111010
111111011
000111111
111100000
110000110
111101000
010011000
000000010
111100000
110000101
111101101
111101000
000011110
111100001
111100010
110001010
111101001
000010001
111100011
111000011
000000001
111100011
111001011
